XYdata=[3, 9, 11, 1, 2, 1, 1, 2, 1, 2, 0, 0, 0
4, 9, 11, 1, 3, 1, 1, 2, 1, 2, 0, 0, 0
3, 9, 11, 1, 3, 1, 1, 2, 1, 1, 0, 0, 0
4, 9, 11, 1, 3, 1, 1, 2, 1, 2, 0, 0, 0
4, 1, 11, 1, 3, 1, 1, 2, 1, 2, 0, 0, 0
4, 1, 11, 1, 2, 1, 1, 2, 1, 2, 0, 0, 0
4, 1, 11, 1, 2, 1, 1, 2, 1, 1, 0, 0, 0
4, 1, 11, 1, 2, 1, 1, 2, 1, 2, 0, 0, 0
4, 10, 11, 1, 3, 1, 1, 2, 1, 2, 0, 0, 0
3, R, 11, 1, 3, 1, 1, 2, 1, 1, 0, 0, 0
2, 7, 11, 1, 3, 1, 1, 2, 1, 1, 0, 0, 0
4, 9, 11, 1, 2, 1, 1, 2, 1, 1, 0, 0, 0
3, 13, 12, 1, 3, 1, 1, 2, 1, 2, 0, 0, 0
4, R, 11, 1, 3, 1, 1, 2, 1, 1, 0, 0, 0
2, 7, 11, 1, 2, 1, 1, 2, 1, 1, 0, 0, 0
2, 7, 11, 1, 3, 1, 1, 2, 1, 1, 0, 0, 0
4, 10, 12, 1, 3, 1, 1, 2, 1, 2, 0, 0, 0
4, 9, 11, 1, 2, 1, 1, 2, 1, 2, 0, 0, 0
4, R, 11, 1, 2, 1, 1, 2, 1, 1, 0, 0, 0
3, 1, 12, 1, 2, 1, 1, 2, 1, 2, 0, 0, 0
3, 9, 11, 1, 2, 1, 1, 2, 1, 1, 0, 0, 0
2, 7, 11, 1, 3, 1, 1, 2, 1, 1, 0, 0, 0
6, 10, 12, 1, 3, 1, 2, 2, 1, 2, 0, 0, 0
2, 7, 11, 1, 2, 1, 1, 2, 1, 1, 0, 0, 0
13, R, 7, 1, 2, 1, 1, 1, 1, 2, 0, 0, 0
2, 7, 12, 1, 3, 1, 1, 2, 1, 1, 0, 0, 0
3, R, 12, 1, 3, 1, 1, 2, 1, 2, 0, 0, 0
2, 7, 11, 1, 3, 1, 1, 2, 1, 1, 0, 0, 0
2, 7, 11, 1, 3, 1, 1, 2, 1, 2, 0, 0, 0
4, 1, 12, 1, 3, 1, 2, 2, 1, 2, 0, 0, 0
4, 1, 11, 1, 3, 1, 1, 2, 1, 2, 1, 0, 1
2, 7, 11, 1, 3, 1, 1, 2, 1, 1, 0, 0, 0
4, 1, 12, 1, 3, 1, 1, 2, 1, 2, 0, 0, 0
2, 7, 11, 1, 3, 1, 1, 2, 1, 2, 0, 0, 0
4, R, 11, 1, 3, 1, 1, 2, 1, 2, 0, 0, 0
4, 1, 11, 1, 2, 1, 1, 2, 1, 1, 0, 0, 0
3, 1, 12, 1, 3, 1, 1, 2, 1, 1, 0, 0, 0
4, 1, 12, 1, 2, 1, 2, 2, 1, 1, 1, 0, 0
4, 1, 12, 2, 2, 3, 1, 2, 1, 2, 0, 0, 0
4, 1, 12, 1, 2, 1, 2, 2, 1, 2, 0, 0, 0
2, 7, 11, 1, 3, 1, 1, 2, 1, 1, 0, 0, 0
4, R, 11, 1, 1, 1, 1, 2, 1, 1, 0, 0, 0
4, 1, 12, 1, 2, 1, 1, 2, 1, 1, 0, 0, 0
4, 9, 11, 1, 1, 1, 1, 2, 1, 1, 0, 0, 0
4, 9, 12, 1, 3, 1, 1, 2, 1, 1, 0, 0, 0
4, 1, 12, 1, 3, 1, 2, 2, 1, 2, 2, 1, 0
4, 1, 12, 2, 3, 1, 2, 2, 1, 1, 0, 0, 0
4, 1, 12, 1, 2, 1, 2, 2, 1, 1, 0, 0, 0
2, 7, 11, 1, 2, 1, 1, 2, 1, 1, 0, 0, 0
4, 9, 11, 1, 3, 1, 2, 2, 1, 2, 0, 0, 0
4, 9, 11, 1, 3, 1, 1, 2, 1, 1, 0, 0, 0
2, 7, 11, 1, 3, 1, 1, 2, 1, 1, 0, 0, 0
4, 1, 11, 1, 3, 1, 2, 2, 1, 2, 0, 0, 0
4, 10, 3, 2, 3, 1, 2, 2, 1, 2, 1, 1, 0
4, 1, 12, 1, 3, 1, 2, 2, 1, 2, 0, 0, 0
2, 7, 11, 1, 3, 1, 1, 2, 1, 1, 0, 0, 0
4, 1, 11, 1, 3, 1, 2, 2, 1, 2, 0, 0, 0
4, 9, 12, 1, 3, 1, 1, 2, 1, 1, 0, 0, 0
4, 10, 3, 1, 2, 1, 1, 2, 1, 2, 0, 0, 0
4, 1, 12, 1, 2, 1, 1, 2, 1, 2, 0, 0, 0
2, 7, 11, 1, 3, 1, 1, 2, 1, 1, 0, 0, 0
4, 9, 11, 1, 2, 1, 2, 2, 1, 2, 0, 0, 0
4, 10, 3, 2, 3, 3, 2, 2, 1, 2, 1, 2, 1
5, 10, 12, 2, 3, 1, 2, 2, 1, 2, 0, 0, 0
4, 9, 12, 1, 3, 1, 2, 2, 1, 2, 1, 0, 0
3, 9, 11, 1, 2, 1, 2, 2, 1, 2, 0, 0, 0
4, 9, 12, 1, 3, 1, 2, 2, 1, 2, 0, 0, 0
13, 13, 7, 1, 2, 1, 2, 2, 1, 1, 1, 0, 0
4, 9, 12, 1, 3, 1, 2, 2, 1, 2, 0, 0, 0
2, 7, 11, 1, 3, 1, 1, 2, 1, 1, 0, 0, 0
2, 7, 11, 1, 3, 1, 1, 2, 1, 1, 0, 0, 0
3, R, 11, 1, 3, 1, 1, 2, 1, 1, 0, 0, 0
13, 9, 7, 1, 2, 1, 1, 1, 1, 2, 0, 0, 0
4, 1, 11, 1, 2, 1, 2, 2, 1, 2, 0, 0, 0
4, 10, 3, 2, 2, 3, 2, 2, 1, 2, 0, 0, 0
4, 10, 12, 1, 3, 1, 2, 2, 1, 2, 0, 2, 1
4, 9, 12, 1, 2, 1, 2, 2, 1, 1, 0, 1, 0
3, 1, 11, 1, 2, 1, 2, 2, 1, 2, 0, 0, 0
4, 9, 11, 1, 1, 1, 2, 2, 1, 2, 0, 0, 0
13, 9, 7, 1, 3, 1, 2, 2, 1, 2, 0, 0, 0
4, 10, 12, 1, 3, 1, 2, 2, 1, 2, 0, 0, 0
13, R, 7, 1, 2, 1, 1, 2, 1, 2, 0, 0, 0
2, 7, 11, 1, 2, 1, 1, 2, 1, 1, 0, 0, 0
13, 9, 7, 1, 3, 1, 1, 1, 1, 2, 0, 0, 0
3, 9, 11, 1, 1, 1, 2, 2, 1, 2, 0, 0, 0
4, 10, 3, 2, 2, 3, 2, 2, 1, 2, 0, 0, 0
4, 1, 12, 1, 2, 1, 2, 2, 1, 2, 0, 0, 0
3, 9, 11, 2, 2, 1, 2, 2, 1, 1, 0, 0, 0
3, 9, 11, 1, 2, 1, 2, 2, 1, 2, 0, 0, 0
3, 9, 11, 1, 2, 1, 2, 2, 1, 2, 0, 0, 0
3, 9, 11, 2, 3, 1, 2, 2, 1, 2, 0, 0, 0
4, 10, 12, 1, 3, 1, 2, 2, 1, 2, 0, 1, 0
13, R, 7, 1, 2, 1, 1, 2, 1, 2, 0, 0, 0
13, 9, 7, 1, 3, 1, 1, 1, 1, 2, 0, 0, 0
3, 9, 11, 1, 2, 1, 1, 2, 1, 2, 1, 0, 0
3, 10, 11, 1, 2, 3, 2, 2, 1, 2, 0, 0, 0
3, 9, 11, 1, 1, 3, 2, 2, 1, 2, 0, 0, 0
3, 9, 11, 1, 1, 1, 2, 2, 1, 2, 0, 0, 0
3, 10, 12, 1, 3, 1, 2, 2, 1, 2, 0, 0, 0
5, 1, 3, 1, 3, 1, 2, 2, 1, 2, 0, 0, 0
13, R, 7, 1, 2, 1, 1, 2, 1, 2, 0, 0, 0
13, 9, 7, 1, 2, 1, 1, 1, 1, 2, 0, 0, 0
13, R, 7, 1, 2, 1, 1, 2, 1, 2, 0, 0, 0
13, 9, 7, 2, 2, 1, 1, 2, 1, 2, 0, 0, 0
2, 7, 11, 1, 3, 1, 1, 2, 1, 2, 0, 0, 0
3, 9, 12, 1, 2, 1, 2, 2, 1, 2, 0, 0, 0
13, 9, 7, 1, 1, 1, 2, 2, 1, 2, 0, 0, 1
4, 10, 3, 1, 3, 3, 2, 2, 1, 2, 0, 1, 0
4, 1, 12, 2, 2, 3, 2, 2, 1, 2, 0, 0, 0
13, 9, 7, 1, 2, 1, 1, 2, 1, 2, 0, 0, 0
2, 7, 11, 1, 2, 1, 1, 2, 1, 1, 0, 0, 0
3, 9, 12, 2, 3, 3, 1, 2, 1, 1, 0, 1, 0
3, 9, 11, 1, 1, 1, 1, 2, 1, 2, 0, 1, 0
13, 10, 7, 2, 2, 3, 2, 2, 1, 2, 0, 0, 0
4, 10, 12, 1, 3, 1, 2, 2, 1, 2, 0, 0, 0
13, 1, 7, 1, 3, 1, 1, 2, 1, 2, 0, 0, 0
3, R, 11, 1, 1, 1, 1, 2, 1, 2, 0, 0, 0
3, R, 11, 1, 3, 1, 1, 2, 1, 2, 0, 0, 0
2, 7, 11, 1, 3, 1, 1, 2, 1, 1, 0, 0, 0
2, 7, 11, 1, 3, 1, 1, 2, 1, 1, 1, 0, 0
13, 10, 7, 1, 3, 1, 2, 2, 1, 2, 0, 0, 0
3, 10, 12, 1, 3, 1, 2, 2, 1, 2, 0, 0, 0
13, 9, 7, 1, 2, 1, 1, 2, 1, 2, 0, 0, 0
2, 7, 11, 1, 3, 1, 1, 2, 1, 1, 0, 0, 0
3, R, 12, 2, 3, 3, 1, 2, 1, 2, 0, 0, 0
13, R, 7, 1, 2, 3, 1, 2, 1, 2, 0, 0, 0
2, 7, 11, 1, 3, 1, 1, 2, 1, 1, 0, 0, 0
4, R, 11, 1, 3, 1, 1, 2, 1, 2, 0, 0, 0
13, 10, 7, 1, 2, 1, 2, 2, 1, 2, 0, 0, 0
4, 10, 12, 1, 2, 1, 2, 2, 1, 2, 0, 0, 0
13, 13, 7, 1, 3, 1, 1, 2, 1, 2, 0, 0, 0
2, 7, 12, 1, 3, 1, 1, 2, 1, 1, 0, 0, 0
2, 7, 11, 1, 3, 1, 1, 2, 1, 1, 0, 0, 0
2, 7, 12, 1, 3, 1, 1, 2, 1, 1, 0, 0, 0
4, R, 11, 2, 2, 1, 1, 2, 1, 2, 1, 0, 0
13, 1, 7, 1, 3, 1, 2, 2, 1, 2, 0, 0, 0
3, 10, 11, 1, 2, 1, 2, 2, 1, 2, 0, 0, 0
13, 9, 7, 1, 2, 1, 1, 2, 1, 2, 0, 0, 0
2, 7, 11, 1, 2, 1, 1, 2, 1, 1, 0, 0, 0
2, 7, 11, 1, 2, 1, 1, 2, 1, 1, 1, 0, 0
3, R, 11, 1, 3, 1, 1, 2, 1, 1, 0, 0, 0
2, 7, 12, 1, 3, 1, 1, 2, 1, 1, 0, 0, 0
3, 1, 11, 1, 3, 1, 2, 2, 1, 2, 0, 0, 0
3, 10, 12, 1, 2, 1, 2, 2, 1, 2, 0, 0, 0
13, 9, 7, 1, 2, 1, 1, 2, 1, 2, 0, 0, 0
4, 9, 12, 1, 3, 1, 1, 2, 1, 1, 0, 0, 0
2, 7, 11, 1, 2, 1, 1, 2, 1, 1, 0, 0, 0
2, 7, 11, 2, 2, 1, 1, 2, 1, 1, 0, 0, 0
13, 9, 7, 1, 2, 1, 1, 1, 1, 2, 0, 0, 0
13, 1, 7, 1, 3, 1, 1, 2, 1, 2, 0, 0, 0
3, 10, 12, 1, 3, 1, 2, 2, 1, 2, 2, 4, 0
2, 7, 11, 1, 3, 1, 1, 2, 1, 2, 0, 0, 0
13, 9, 7, 1, 3, 1, 1, 1, 1, 2, 0, 0, 0
3, 9, 11, 1, 3, 1, 1, 2, 1, 2, 0, 1, 0
3, 1, 12, 1, 3, 1, 1, 2, 1, 2, 0, 0, 0
13, 9, 7, 1, 3, 1, 1, 1, 1, 2, 0, 0, 0
4, 9, 11, 1, 3, 1, 1, 2, 1, 2, 1, 0, 0
3, 9, 11, 1, 2, 3, 2, 2, 1, 2, 0, 0, 0
2, 7, 11, 1, 2, 1, 1, 2, 1, 1, 0, 0, 0
13, 9, 7, 1, 2, 1, 1, 1, 1, 2, 0, 0, 0
3, 9, 11, 1, 3, 1, 1, 2, 1, 2, 0, 0, 0
3, 9, 11, 1, 3, 1, 1, 2, 1, 2, 0, 0, 0
13, 1, 7, 1, 3, 1, 1, 1, 1, 2, 2, 0, 0
2, 7, 11, 2, 1, 1, 1, 2, 1, 1, 1, 0, 0
13, R, 7, 1, 2, 1, 1, 1, 1, 2, 0, 0, 0
3, 9, 11, 2, 2, 1, 2, 2, 1, 2, 0, 1, 0
13, 9, 7, 1, 3, 1, 1, 1, 1, 2, 0, 0, 0
13, 9, 7, 2, 2, 3, 1, 2, 1, 2, 0, 0, 0
3, 9, 11, 1, 2, 1, 1, 2, 1, 2, 0, 0, 0
3, 1, 12, 1, 3, 1, 1, 2, 1, 2, 0, 0, 0
5, 9, 12, 1, 3, 1, 1, 2, 1, 2, 0, 2, 0
2, 7, 11, 1, 2, 1, 1, 2, 1, 1, 0, 0, 0
4, 9, 11, 1, 2, 1, 1, 2, 1, 2, 1, 0, 0
3, 9, 11, 1, 1, 1, 2, 2, 1, 2, 0, 0, 0
3, 9, 11, 1, 2, 1, 1, 2, 1, 2, 0, 0, 0
13, 9, 7, 1, 1, 1, 1, 2, 1, 2, 0, 0, 0
3, 9, 11, 1, 2, 1, 1, 2, 1, 2, 0, 0, 0
3, 9, 12, 2, 2, 1, 1, 2, 1, 2, 0, 0, 0
4, 9, 11, 1, 2, 1, 2, 2, 1, 2, 2, 4, 0
4, 9, 11, 1, 3, 1, 1, 2, 1, 2, 1, 0, 0
2, 7, 11, 1, 3, 1, 1, 2, 1, 2, 0, 0, 0
3, 1, 11, 1, 3, 1, 1, 2, 1, 2, 0, 0, 0
3, 9, 11, 1, 3, 1, 1, 2, 1, 2, 0, 0, 0
3, R, 12, 1, 3, 1, 1, 2, 1, 2, 0, 0, 0
2, 7, 11, 1, 2, 3, 2, 2, 1, 2, 0, 0, 0
2, 7, 12, 2, 3, 1, 1, 2, 1, 2, 1, 0, 0
4, 13, 11, 1, 2, 1, 1, 2, 1, 2, 0, 0, 0
13, 9, 7, 1, 1, 1, 1, 2, 1, 2, 0, 0, 0
13, R, 7, 1, 2, 1, 1, 2, 1, 2, 0, 0, 0
13, 1, 7, 1, 2, 1, 1, 2, 1, 2, 0, 0, 0
3, R, 12, 1, 2, 1, 1, 2, 1, 2, 0, 0, 0
3, R, 11, 2, 1, 1, 1, 2, 1, 2, 0, 0, 0
4, 10, 11, 1, 3, 1, 1, 2, 1, 2, 1, 0, 0
4, R, 11, 1, 2, 1, 1, 2, 1, 2, 0, 0, 0
13, 9, 7, 1, 2, 1, 1, 2, 1, 2, 0, 0, 0
2, 7, 11, 1, 2, 1, 1, 2, 1, 1, 0, 0, 0
2, 7, 12, 1, 3, 1, 1, 2, 1, 2, 0, 0, 0
2, 7, 11, 1, 3, 1, 1, 2, 1, 1, 0, 0, 0
3, 9, 11, 1, 3, 1, 1, 2, 1, 2, 1, 1, 0
4, 1, 12, 1, 3, 1, 1, 2, 1, 2, 0, 0, 0
2, 7, 11, 1, 3, 1, 1, 2, 1, 2, 0, 1, 0
2, 7, 11, 1, 2, 1, 1, 2, 1, 2, 0, 0, 0
2, 7, 12, 1, 3, 1, 1, 2, 1, 1, 0, 0, 0
2, 7, 12, 1, 3, 1, 1, 2, 1, 1, 0, 0, 0
