XYdata=[13, 1, 7, 1, 3, 1, 1, 1, 1, 1, 0, 0, 0
4, 14, 11, 1, 3, 1, 1, 2, 1, 1, 0, 0, 0
3, 9, 11, 1, 3, 1, 1, 2, 1, 1, 0, 0, 0
13, 14, 7, 1, 2, 1, 1, 1, 1, 1, 0, 0, 0
13, 9, 7, 1, 1, 1, 1, 2, 1, 1, 0, 0, 0
3, 1, 11, 1, 2, 1, 1, 2, 1, 1, 0, 0, 0
2, 7, 11, 1, 3, 1, 1, 2, 1, 1, 0, 0, 0
3, 1, 11, 1, 3, 1, 1, 2, 1, 1, 0, 0, 0
3, 1, 11, 1, 2, 1, 1, 2, 1, 1, 1, 0, 0
2, 7, 11, 1, 3, 1, 1, 2, 1, 1, 0, 0, 0
3, 1, 11, 1, 2, 1, 1, 2, 1, 1, 0, 0, 0
2, 7, 11, 1, 3, 1, 1, 2, 1, 1, 0, 0, 0
2, 7, 12, 1, 2, 1, 1, 2, 1, 1, 0, 0, 0
3, 9, 11, 2, 2, 1, 1, 2, 1, 1, 0, 0, 0
2, 7, 11, 1, 3, 1, 1, 2, 1, 1, 0, 0, 0
2, 7, 11, 1, 2, 1, 1, 2, 1, 1, 0, 0, 0
4, 14, 12, 1, 3, 1, 1, 2, 1, 1, 1, 0, 0
13, 9, 7, 1, 3, 1, 1, 2, 1, 1, 0, 0, 0
2, 7, 11, 1, 2, 1, 1, 2, 1, 1, 0, 0, 0
2, 7, 11, 1, 2, 1, 2, 2, 1, 1, 0, 0, 0
13, 9, 7, 1, 2, 1, 1, 2, 1, 1, 0, 0, 0
2, 7, 11, 1, 3, 1, 1, 2, 1, 1, 0, 0, 0
2, 7, 11, 2, 2, 1, 2, 2, 1, 1, 0, 0, 0
3, 14, 11, 1, 3, 1, 1, 2, 1, 1, 5, 0, 0
2, 7, 11, 1, 2, 1, 2, 2, 1, 1, 0, 0, 0
2, 7, 11, 1, 3, 1, 1, 2, 1, 1, 0, 0, 0
4, 1, 12, 2, 3, 1, 1, 2, 1, 1, 2, 0, 0
2, 7, 11, 1, 3, 1, 1, 2, 1, 1, 0, 0, 0
4, 14, 11, 1, 3, 1, 1, 2, 1, 1, 0, 0, 0
2, 7, 11, 1, 3, 1, 1, 2, 1, 1, 0, 0, 0
2, 7, 11, 1, 1, 1, 2, 2, 1, 1, 0, 0, 0
2, 7, 11, 1, 1, 1, 1, 2, 1, 1, 0, 0, 0
3, 14, 12, 2, 1, 1, 2, 2, 1, 1, 0, 0, 0
2, 7, 11, 1, 3, 1, 1, 2, 1, 1, 0, 0, 0
4, 14, 12, 1, 3, 1, 2, 2, 1, 1, 0, 0, 0
2, 7, 11, 1, 2, 1, 1, 2, 1, 1, 0, 0, 0
3, 14, 11, 1, 3, 1, 1, 2, 1, 1, 0, 0, 0
5, 1, 3, 1, 3, 1, 1, 2, 1, 1, 3, 1, 0
13, 1, 7, 1, 2, 1, 1, 1, 1, 1, 1, 0, 0
2, 7, 11, 1, 2, 1, 2, 2, 1, 1, 1, 0, 0
2, 7, 11, 1, 3, 1, 1, 2, 1, 1, 0, 0, 0
2, 7, 11, 1, 2, 1, 1, 2, 1, 1, 0, 0, 0
4, 10, 12, 2, 3, 1, 2, 2, 1, 1, 2, 0, 0
5, 1, 12, 2, 2, 1, 1, 2, 1, 1, 8, 0, 0
4, 1, 12, 1, 3, 1, 2, 2, 1, 1, 0, 0, 0
2, 7, 11, 1, 3, 1, 1, 2, 1, 1, 0, 0, 0
13, 14, 7, 1, 2, 1, 1, 2, 1, 1, 0, 0, 0
3, 14, 11, 1, 2, 1, 1, 2, 1, 1, 0, 0, 0
4, 1, 11, 2, 3, 3, 2, 2, 1, 1, 2, 0, 0
5, 9, 11, 2, 3, 1, 2, 2, 1, 1, 5, 0, 0
3, 14, 11, 1, 3, 1, 1, 2, 1, 1, 0, 0, 0
5, 9, 12, 2, 3, 1, 2, 2, 1, 1, 0, 0, 0
3, 14, 11, 1, 3, 1, 1, 2, 1, 1, 0, 0, 0
4, 1, 12, 2, 3, 1, 2, 2, 1, 1, 0, 0, 0
5, 1, 12, 2, 3, 1, 2, 2, 1, 1, 4, 4, 0
13, 9, 7, 1, 3, 1, 1, 1, 1, 1, 0, 0, 0
4, 1, 11, 1, 3, 1, 1, 2, 1, 1, 1, 0, 0
4, 14, 11, 1, 3, 1, 1, 2, 1, 1, 1, 1, 0
4, 9, 11, 1, 3, 1, 2, 2, 1, 1, 0, 0, 0
2, 7, 11, 1, 2, 1, 1, 2, 1, 1, 0, 0, 0
4, 1, 12, 2, 2, 1, 2, 2, 1, 1, 0, 0, 0
5, 1, 12, 2, 3, 3, 2, 2, 1, 1, 6, 0, 0
13, 9, 7, 1, 1, 1, 1, 1, 1, 1, 0, 0, 0
4, 9, 12, 2, 3, 1, 1, 2, 1, 1, 0, 0, 0
4, 9, 11, 2, 3, 2, 1, 2, 1, 1, 1, 0, 0
4, 14, 11, 1, 3, 1, 1, 2, 1, 1, 0, 0, 0
4, 9, 11, 1, 3, 1, 2, 2, 1, 1, 0, 0, 0
4, 9, 11, 1, 3, 1, 1, 2, 1, 1, 0, 0, 0
4, 9, 11, 1, 2, 1, 2, 2, 1, 1, 0, 0, 0
5, 10, 3, 2, 3, 3, 2, 2, 2, 1, 6, 0, 0
13, 14, 7, 1, 3, 1, 1, 1, 1, 1, 0, 0, 0
4, 1, 11, 1, 2, 1, 2, 2, 1, 1, 2, 0, 0
3, 9, 12, 1, 3, 1, 1, 2, 1, 1, 1, 0, 0
3, 9, 11, 1, 2, 1, 1, 2, 1, 1, 0, 0, 0
2, 7, 11, 1, 3, 1, 1, 2, 1, 1, 1, 0, 0
2, 7, 11, 1, 3, 1, 1, 2, 1, 1, 0, 0, 0
4, 9, 11, 1, 2, 1, 2, 2, 1, 1, 1, 0, 0
4, 1, 12, 1, 3, 1, 1, 2, 1, 1, 0, 0, 0
4, 9, 11, 1, 2, 1, 2, 2, 1, 1, 0, 0, 0
6, 10, 3, 2, 3, 1, 2, 2, 2, 1, 0, 0, 0
4, 1, 12, 1, 3, 1, 2, 2, 1, 1, 0, 0, 0
3, 14, 11, 1, 2, 1, 1, 2, 1, 1, 0, 0, 0
3, 14, 11, 1, 3, 1, 1, 2, 1, 1, 0, 0, 0
2, 7, 11, 1, 3, 1, 1, 2, 1, 1, 1, 0, 0
4, 9, 11, 1, 2, 1, 2, 2, 1, 1, 0, 0, 0
13, 1, 7, 1, 2, 1, 2, 2, 1, 1, 0, 0, 0
4, 1, 11, 1, 3, 1, 2, 2, 1, 1, 0, 0, 0
6, 10, 3, 2, 2, 1, 2, 2, 1, 1, 4, 0, 0
4, 9, 12, 2, 2, 1, 2, 2, 1, 1, 0, 0, 0
2, 7, 11, 1, 2, 1, 1, 2, 1, 1, 0, 0, 0
3, 14, 11, 1, 3, 1, 1, 2, 1, 1, 0, 0, 0
2, 7, 11, 1, 3, 1, 1, 2, 1, 1, 1, 0, 0
2, 7, 11, 1, 3, 1, 1, 2, 1, 1, 0, 0, 0
4, 9, 11, 1, 2, 1, 1, 2, 1, 1, 3, 0, 0
13, 14, 7, 1, 2, 1, 2, 2, 1, 1, 0, 0, 0
13, 1, 7, 1, 2, 1, 2, 2, 1, 1, 0, 0, 0
3, 9, 11, 1, 2, 1, 2, 2, 1, 1, 0, 0, 0
6, 1, 12, 1, 2, 1, 2, 2, 2, 1, 1, 0, 0
4, 9, 11, 1, 2, 1, 2, 2, 1, 1, 1, 0, 0
3, 14, 11, 1, 2, 1, 1, 2, 1, 1, 0, 0, 0
4, 1, 3, 2, 3, 1, 1, 2, 1, 1, 2, 0, 0
2, 7, 11, 1, 1, 1, 1, 2, 1, 1, 0, 0, 0
5, 1, 12, 2, 3, 1, 1, 2, 1, 1, 2, 0, 0
13, 1, 7, 1, 2, 1, 2, 2, 1, 1, 0, 0, 0
3, 9, 11, 1, 3, 1, 2, 2, 1, 1, 1, 0, 0
6, 1, 3, 2, 3, 1, 2, 2, 2, 1, 2, 0, 0
4, 9, 11, 1, 2, 1, 2, 2, 1, 1, 0, 0, 0
4, 1, 12, 2, 3, 1, 2, 2, 1, 1, 3, 0, 0
2, 7, 11, 1, 3, 1, 1, 2, 1, 1, 0, 0, 0
5, 1, 12, 2, 3, 1, 2, 2, 1, 1, 0, 0, 0
4, 9, 11, 2, 3, 1, 2, 2, 1, 1, 0, 0, 0
6, 1, 12, 2, 2, 1, 2, 2, 1, 1, 2, 0, 0
13, 9, 7, 1, 1, 1, 2, 2, 1, 1, 1, 0, 0
4, 1, 12, 2, 2, 1, 2, 2, 1, 1, 0, 0, 0
2, 7, 11, 1, 2, 1, 1, 2, 1, 1, 0, 0, 0
5, 9, 12, 2, 2, 1, 2, 2, 1, 1, 0, 0, 0
13, 9, 7, 1, 2, 1, 1, 1, 1, 1, 0, 0, 0
6, 1, 3, 2, 2, 1, 2, 2, 1, 1, 1, 0, 0
13, 9, 7, 1, 2, 1, 2, 2, 1, 1, 0, 0, 0
5, 1, 11, 1, 2, 1, 2, 2, 1, 1, 1, 0, 0
5, 1, 12, 1, 2, 1, 2, 2, 1, 1, 1, 0, 0
2, 7, 11, 1, 3, 1, 1, 2, 1, 1, 0, 0, 0
3, 9, 11, 1, 3, 1, 1, 2, 1, 1, 1, 0, 0
13, 9, 7, 1, 2, 1, 2, 2, 1, 1, 0, 0, 0
6, 1, 12, 2, 2, 1, 2, 2, 1, 1, 0, 0, 0
5, 1, 11, 1, 2, 1, 2, 2, 1, 1, 0, 0, 0
5, 9, 12, 1, 2, 1, 2, 2, 1, 1, 0, 0, 0
5, 1, 11, 1, 3, 1, 1, 2, 1, 1, 2, 0, 0
13, 9, 7, 1, 2, 1, 1, 1, 1, 1, 0, 0, 0
5, 9, 11, 1, 1, 1, 2, 2, 1, 1, 0, 0, 0
5, 9, 12, 2, 3, 1, 2, 2, 1, 1, 0, 0, 0
3, 9, 11, 2, 2, 1, 1, 2, 1, 1, 1, 0, 0
5, 9, 11, 1, 2, 1, 1, 2, 1, 1, 0, 0, 0
5, 1, 12, 1, 2, 1, 2, 2, 1, 1, 0, 0, 0
13, 9, 7, 1, 2, 1, 1, 2, 1, 1, 2, 0, 0
5, 1, 11, 1, 3, 1, 1, 2, 1, 1, 0, 0, 0
13, 13, 7, 1, 2, 1, 1, 1, 1, 1, 0, 0, 0
2, 7, 11, 1, 3, 1, 1, 2, 1, 1, 0, 0, 0
3, 14, 11, 1, 3, 1, 1, 2, 1, 1, 0, 0, 0
5, 9, 12, 1, 2, 1, 2, 2, 1, 1, 0, 0, 0
3, 9, 11, 2, 3, 1, 1, 2, 1, 1, 0, 0, 0
5, 9, 11, 1, 3, 1, 1, 2, 1, 1, 0, 0, 0
13, 13, 7, 1, 3, 1, 1, 1, 1, 1, 0, 0, 0
2, 7, 11, 1, 3, 1, 1, 2, 1, 1, 0, 0, 0
13, 9, 7, 1, 2, 1, 1, 1, 1, 1, 1, 0, 0
2, 7, 11, 1, 3, 1, 1, 2, 1, 1, 0, 0, 0
3, 14, 11, 1, 2, 1, 1, 2, 1, 1, 3, 0, 0
4, 14, 11, 1, 2, 1, 1, 2, 1, 1, 0, 0, 0
5, 9, 11, 1, 2, 1, 2, 2, 1, 1, 0, 0, 0
3, 9, 11, 2, 2, 1, 1, 2, 1, 1, 0, 0, 0
5, 9, 11, 1, 3, 1, 1, 2, 1, 1, 0, 0, 0
3, 13, 11, 1, 3, 1, 1, 2, 1, 1, 0, 0, 0
2, 7, 11, 1, 1, 1, 1, 2, 1, 1, 0, 0, 0
13, 9, 7, 1, 2, 1, 1, 1, 1, 1, 0, 0, 0
2, 7, 11, 1, 3, 1, 1, 2, 1, 1, 0, 0, 0
5, 14, 3, 2, 3, 1, 1, 2, 1, 1, 0, 0, 0
4, 14, 12, 1, 3, 1, 1, 2, 1, 1, 0, 0, 0
13, 9, 7, 1, 1, 1, 2, 2, 1, 1, 0, 0, 0
3, 9, 11, 1, 2, 1, 1, 2, 1, 1, 0, 0, 0
5, 9, 11, 1, 2, 1, 1, 2, 1, 1, 2, 0, 0
3, 10, 11, 1, 2, 1, 1, 2, 1, 1, 2, 0, 0
13, 9, 7, 2, 2, 1, 1, 1, 1, 1, 0, 0, 0
2, 7, 11, 1, 2, 1, 1, 2, 1, 1, 0, 0, 0
5, 10, 3, 1, 3, 1, 2, 2, 1, 1, 0, 1, 0
5, 1, 12, 1, 3, 1, 2, 2, 1, 1, 0, 0, 0
3, 14, 11, 1, 3, 1, 1, 2, 1, 1, 0, 0, 0
13, 14, 7, 1, 1, 1, 2, 2, 1, 1, 0, 0, 0
13, 9, 7, 1, 2, 1, 1, 2, 1, 1, 0, 0, 0
5, 9, 11, 1, 2, 1, 1, 2, 1, 1, 0, 0, 0
3, 9, 11, 1, 3, 1, 1, 2, 1, 1, 0, 0, 0
13, 9, 7, 1, 2, 1, 1, 1, 1, 1, 0, 0, 0
5, 10, 3, 1, 3, 1, 2, 2, 2, 1, 2, 1, 0
5, 14, 11, 1, 3, 1, 2, 2, 2, 1, 0, 0, 0
13, 9, 7, 1, 3, 1, 1, 1, 1, 1, 0, 0, 0
13, 9, 7, 1, 1, 1, 1, 2, 1, 1, 0, 0, 0
4, 9, 11, 2, 2, 1, 1, 2, 1, 1, 0, 0, 0
3, 9, 11, 2, 1, 1, 1, 2, 1, 1, 0, 0, 0
13, 9, 7, 1, 1, 1, 1, 1, 1, 1, 0, 0, 0
2, 7, 11, 1, 3, 1, 1, 2, 1, 1, 0, 0, 0
5, 1, 3, 2, 1, 3, 2, 2, 1, 1, 5, 0, 0
5, 1, 11, 1, 1, 1, 2, 2, 1, 1, 3, 0, 0
13, 14, 7, 1, 3, 1, 1, 2, 1, 1, 0, 0, 0
13, 9, 7, 1, 2, 1, 1, 1, 1, 1, 0, 0, 0
13, 9, 7, 1, 2, 1, 1, 1, 1, 1, 0, 0, 0
13, 9, 7, 1, 3, 1, 1, 2, 1, 1, 0, 0, 0
13, 9, 7, 1, 3, 1, 1, 2, 1, 1, 1, 0, 0
13, 13, 7, 1, 3, 1, 1, 2, 1, 1, 0, 0, 0
13, 9, 7, 1, 3, 1, 1, 1, 1, 1, 0, 0, 0
6, 10, 3, 2, 3, 3, 2, 2, 2, 1, 1, 0, 0
5, 1, 11, 2, 2, 1, 2, 2, 1, 1, 1, 0, 0
4, 9, 11, 1, 3, 1, 1, 2, 1, 1, 1, 0, 0
13, 9, 7, 1, 3, 1, 1, 1, 1, 1, 0, 0, 0
3, 9, 11, 1, 3, 1, 1, 2, 1, 1, 0, 0, 0
13, 9, 7, 1, 2, 1, 1, 2, 1, 1, 0, 0, 0
13, 9, 7, 1, 2, 1, 1, 2, 1, 1, 0, 0, 0
3, 13, 11, 1, 3, 1, 1, 2, 1, 1, 1, 0, 0
2, 7, 11, 1, 1, 1, 1, 2, 1, 1, 0, 0, 0
6, 10, 3, 2, 3, 1, 2, 2, 2, 1, 0, 0, 0
5, 1, 11, 2, 2, 1, 2, 2, 1, 1, 0, 0, 0
4, 9, 12, 1, 3, 1, 1, 2, 1, 1, 0, 0, 0
13, 9, 7, 1, 3, 1, 1, 1, 1, 1, 0, 0, 0
3, 14, 12, 1, 3, 1, 1, 2, 1, 1, 0, 0, 0
4, 1, 11, 1, 3, 1, 1, 2, 1, 1, 1, 0, 0
13, 9, 7, 1, 2, 1, 1, 2, 1, 1, 0, 0, 0
